1000_1_Step_Total	1000_1_Step_Update
0.04758	0.01720
0.03752	0.01592
0.03742	0.01592
0.03740	0.01591
0.03739	0.01591

1000_4_Step_Total	1000_4_Step_Update
0.03906	0.01110
0.03996	0.01092
0.03155	0.01187
0.03170	0.01023
0.03232	0.01083

1000_12_Step_Total	1000_12_Step_Update
0.02828	0.01049
0.02805	0.01040
0.02802	0.01037
0.02824	0.01057
0.02824	0.01061

1000_36_Step_Total	1000_36_Step_Update
0.02856	0.01178
0.02863	0.01213
0.02880	0.01205
0.02869	0.01208
0.02871	0.01218

1000_72_Step_Total	1000_72_Step_Update
0.04621	0.01916
0.04849	0.01998
0.04735	0.02021
0.04660	0.01941
0.04701	0.01905

1000_144_Step_Total	1000_144_Step_Update
0.05318	0.02478
0.04891	0.02257
0.04647	0.02161
0.04227	0.02012
0.03919	0.02089

5000_1_Step_Total	5000_1_Step_Update
0.94169	0.39906
0.94180	0.39890
0.94611	0.39873
0.94736	0.39916
0.93722	0.39884

5000_4_Step_Total	5000_4_Step_Update
0.80396	0.27813
0.79949	0.27698
0.80219	0.27616
0.80107	0.27614
0.80149	0.27586

5000_12_Step_Total	5000_12_Step_Update
0.69222	0.25660
0.68983	0.25674
0.69290	0.25871
0.69105	0.25690
0.69107	0.25550

5000_36_Step_Total	5000_36_Step_Update
0.68373	0.27269
0.68498	0.27246
0.68350	0.27223
0.68371	0.27232
0.68726	0.27278

5000_72_Step_Total	5000_72_Step_Update
0.69731	0.28192
0.70622	0.28515
0.70881	0.28539
0.70457	0.28145
0.70119	0.28168

5000_144_Step_Total	5000_144_Step_Update
0.70777	0.29536
0.70925	0.29537
0.70822	0.29543
0.70958	0.29550
0.71128	0.29532

10000_1_Step_Total	10000_1_Step_Update
3.74181	1.59058
3.73367	1.58958
3.73373	1.58959
3.74437	1.58933
3.74202	1.58971

10000_4_Step_Total	10000_4_Step_Update
3.30103	1.16713
3.28762	1.16358
3.29177	1.16627
3.28251	1.16312
3.27926	1.16360

10000_12_Step_Total	10000_12_Step_Update
3.12096	1.35634
3.11752	1.35042
3.11691	1.35024
3.11850	1.35445
3.12616	1.35638

10000_36_Step_Total	10000_36_Step_Update
2.78573	1.13045
2.79148	1.13841
2.77521	1.13173
2.77171	1.12778
2.85326	1.20754

10000_72_Step_Total	10000_72_Step_Update
2.69054	1.06195
2.65867	1.02942
2.72539	1.09886
2.74826	1.11632
2.64426	1.01548

10000_144_Step_Total	10000_144_Step_Update
2.59043	0.98063
2.59720	0.98228
2.59322	0.98094
2.59616	0.98096
2.59141	0.98025

15000_1_Step_Total	15000_1_Step_Update
8.38652	3.56953
8.39040	3.56803
8.38105	3.56803
8.38566	3.56988
8.39217	3.57006

15000_4_Step_Total	15000_4_Step_Update
7.52923	2.72265
7.52554	2.72164
7.52092	2.71800
7.52129	2.72067
7.52147	2.72206

15000_12_Step_Total	15000_12_Step_Update
7.39042	3.40165
7.39874	3.39771
7.39162	3.39648
7.39743	3.39912
7.38504	3.39850

15000_36_Step_Total	15000_36_Step_Update
7.46806	3.73132
7.46760	3.74000
7.45442	3.71452
7.50694	3.77558
7.43620	3.70709

15000_72_Step_Total	15000_72_Step_Update
6.45815	2.80744
6.50948	2.85732
6.52637	2.88388
6.47836	2.82618
6.46599	2.80824

15000_144_Step_Total	15000_144_Step_Update
6.29349	2.67510
6.24215	2.62460
6.27513	2.65672
6.26798	2.65206
6.21368	2.59069

20000_1_Step_Total	20000_1_Step_Update
14.88881	6.33995
14.88595	6.34030
14.88251	6.34176
14.87532	6.34092
14.87708	6.33951

20000_4_Step_Total	20000_4_Step_Update
13.57705	4.97301
13.58864	4.97396
13.58251	4.98610
13.57262	4.97457
13.58107	4.97409

20000_12_Step_Total	20000_12_Step_Update
13.24661	6.15391
13.25260	6.15435
13.25650	6.15387
13.25396	6.15830
13.24290	6.15223

20000_36_Step_Total	20000_36_Step_Update
13.34039	6.68908
13.37213	6.72734
13.40960	6.77993
13.35733	6.72708
13.36251	6.71371


1000_1_Total_Total	1000_1_Total_Update
0.095	0.034
0.075	0.032
0.075	0.032
0.075	0.032
0.075	0.032
1000_4_Total_Total	1000_4_Total_Update
0.078	0.022
0.080	0.022
0.063	0.024
0.063	0.020
0.065	0.022
1000_12_Total_Total	1000_12_Total_Update
0.057	0.021
0.056	0.021
0.056	0.021
0.056	0.021
0.056	0.021
1000_36_Total_Total	1000_36_Total_Update
0.057	0.024
0.057	0.024
0.058	0.024
0.057	0.024
0.057	0.024
1000_72_Total_Total	1000_72_Total_Update
0.092	0.038
0.097	0.040
0.095	0.040
0.093	0.039
0.094	0.038
1000_144_Total_Total	1000_144_Total_Update
0.106	0.050
0.098	0.045
0.093	0.043
0.085	0.040
0.078	0.042
5000_1_Total_Total	5000_1_Total_Update
1.883	0.798
1.884	0.798
1.892	0.797
1.895	0.798
1.874	0.798
5000_4_Total_Total	5000_4_Total_Update
1.608	0.556
1.599	0.554
1.604	0.552
1.602	0.552
1.603	0.552
5000_12_Total_Total	5000_12_Total_Update
1.384	0.513
1.380	0.513
1.386	0.517
1.382	0.514
1.382	0.511
5000_36_Total_Total	5000_36_Total_Update
1.367	0.545
1.370	0.545
1.367	0.544
1.367	0.545
1.375	0.546
5000_72_Total_Total	5000_72_Total_Update
1.395	0.564
1.412	0.570
1.418	0.571
1.409	0.563
1.402	0.563
5000_144_Total_Total	5000_144_Total_Update
1.416	0.591
1.418	0.591
1.416	0.591
1.419	0.591
1.423	0.591
10000_1_Total_Total	10000_1_Total_Update
7.484	3.181
7.467	3.179
7.467	3.179
7.489	3.179
7.484	3.179
10000_4_Total_Total	10000_4_Total_Update
6.602	2.334
6.575	2.327
6.584	2.333
6.565	2.326
6.559	2.327
10000_12_Total_Total	10000_12_Total_Update
6.242	2.713
6.235	2.701
6.234	2.700
6.237	2.709
6.252	2.713
10000_36_Total_Total	10000_36_Total_Update
5.571	2.261
5.583	2.277
5.550	2.263
5.543	2.256
5.707	2.415
10000_72_Total_Total	10000_72_Total_Update
5.381	2.124
5.317	2.059
5.451	2.198
5.497	2.233
5.289	2.031
10000_144_Total_Total	10000_144_Total_Update
5.181	1.961
5.194	1.965
5.186	1.962
5.192	1.962
5.183	1.960
15000_1_Total_Total	15000_1_Total_Update
16.773	7.139
16.781	7.136
16.762	7.136
16.771	7.140
16.784	7.140
15000_4_Total_Total	15000_4_Total_Update
15.058	5.445
15.051	5.443
15.042	5.436
15.043	5.441
15.043	5.444
15000_12_Total_Total	15000_12_Total_Update
14.781	6.803
14.797	6.795
14.783	6.793
14.795	6.798
14.770	6.797
15000_36_Total_Total	15000_36_Total_Update
14.936	7.463
14.935	7.480
14.909	7.429
15.014	7.551
14.872	7.414
15000_72_Total_Total	15000_72_Total_Update
12.916	5.615
13.019	5.715
13.053	5.768
12.957	5.652
12.932	5.616
15000_144_Total_Total	15000_144_Total_Update
12.587	5.350
12.484	5.249
12.550	5.313
12.536	5.304
12.427	5.181
20000_1_Total_Total	20000_1_Total_Update
29.778	12.680
29.772	12.681
29.765	12.684
29.751	12.682
29.754	12.679
20000_4_Total_Total	20000_4_Total_Update
27.154	9.946
27.177	9.948
27.165	9.972
27.145	9.949
27.162	9.948
20000_12_Total_Total	20000_12_Total_Update
26.493	12.308
26.505	12.309
26.513	12.308
26.508	12.317
26.486	12.304
20000_36_Total_Total	20000_36_Total_Update
26.681	13.378
26.744	13.455
26.819	13.560
26.715	13.454
26.725	13.427
20000_72_Total_Total	20000_72_Total_Update
26.067	13.072
25.801	12.834




20000_4_Step_Total	20000_4_Step_Update
13.60931	4.99816

20000_8_Step_Total	20000_8_Step_Update
13.32164	5.86381

20000_16_Step_Total	20000_16_Step_Update
13.21089	6.29740

20000_32_Step_Total	20000_32_Step_Update
13.00821	6.36909

20000_64_Step_Total	20000_64_Step_Update
13.16359	6.65434

20000_100_Step_Total	20000_100_Step_Update
12.57192	6.12168

20000_125_Step_Total	20000_125_Step_Update
11.00314	4.59378


10000_1_Step_Total	10000_1_Step_Update
3.72916	1.58765

10000_4_Step_Total	10000_4_Step_Update
3.27539	1.16287

10000_8_Step_Total	10000_8_Step_Update
3.11524	1.27823

10000_16_Step_Total	10000_16_Step_Update
3.09562	1.37565

10000_32_Step_Total	10000_32_Step_Update
2.59955	0.95718
